1.0 1.0 0.640126 5.93827 -1.30206660833159793E-003 3.24931988870957866E-006 3.80784592039533009E-006
1.0 1.1 0.668261 7.18482 -1.30206660833159793E-003 2.31344006351719145E-006 2.71109758646801249E-006
1.0 1.2 0.688098 8.08049 -1.30206660833159793E-003 1.83312999979534652E-006 2.14822696144180508E-006
1.0 1.3 0.698433 8.49929 -1.30206660833159793E-003 1.60136005433741957E-006 1.87661804895867463E-006
1.0 1.4 0.704498 8.75414 -1.30206660833159793E-003 1.46157003655389417E-006 1.71279950626038009E-006
1.0 1.5 0.707072 8.92981 -1.30206660833159793E-003 1.42610997500014491E-006 1.67124420996788882E-006
1.0 1.6 0.707236 9.04268 -1.30206660833159793E-003 1.38534994675865164E-006 1.62347793500251220E-006
1.0 1.7 0.706165 9.15483 -1.30206660833159793E-003 1.40654003644158365E-006 1.64831039204447110E-006
1.0 1.8 0.704081 9.17898 -1.30206660833159793E-003 1.41544001053262036E-006 1.65874018387627408E-006
1.0 1.9 0.700764 9.1392 -1.30206660833159793E-003 1.43219995152321644E-006 1.67838099337270474E-006
1.0 2.0 0.700023 9.22942 -1.30206660833159793E-003 1.41621001148450887E-006 1.65964254039510668E-006
1.0 2.1 0.695886 9.26387 -1.30206660833159793E-003 1.46295997183187865E-006 1.71442835769980772E-006
1.0 2.2 0.693938 9.15933 -1.30206660833159793E-003 1.46206002682447433E-006 1.71337372102432027E-006
1.0 2.3 0.690702 9.22449 -1.30206660833159793E-003 1.48898004681541352E-006 1.74492102686381018E-006
1.0 2.4 0.687773 9.21717 -1.30206660833159793E-003 1.51948995608108817E-006 1.78067528852718514E-006
1.0 2.5 0.683669 9.28066 -1.30206660833159793E-003 1.57334000050468603E-006 1.84378162431271427E-006
      
1.1 1.0 0.670869 7.31871 -1.30206660833159793E-003 2.24888003685919102E-006 2.63544032816467249E-006
1.1 1.1 0.692935 8.32914 -1.30206660833159793E-003 1.74586000412091380E-006 2.04595611450042264E-006
1.1 1.2 0.707472 8.98643 -1.30206660833159793E-003 1.43601005220261868E-006 1.68284601276915404E-006
1.1 1.3 0.714294 9.28 -1.30206660833159793E-003 1.31129002056695754E-006 1.53668783815987151E-006
1.1 1.4 0.717255 9.54921 -1.30206660833159793E-003 1.26241002362803556E-006 1.47940585198807359E-006
1.1 1.5 0.717735 9.67353 -1.30206660833159793E-003 1.22052995266130893E-006 1.43032701000312855E-006
1.1 1.6 0.71578 9.75556 -1.30206660833159793E-003 1.23595998502423754E-006 1.44840931269942589E-006
1.1 1.7 0.713862 9.79722 -1.30206660833159793E-003 1.24514997423830209E-006 1.45917897039267038E-006
1.1 1.8 0.711829 9.80278 -1.30206660833159793E-003 1.24990003769198665E-006 1.46474552289080368E-006
1.1 1.9 0.709641 9.86348 -1.30206660833159793E-003 1.25879000734130386E-006 1.47516359061605758E-006
1.1 2.0 0.706441 9.86348 -1.30206660833159793E-003 1.28745000438357238E-006 1.50874995839571157E-006
1.1 2.1 0.703625 9.84729 -1.30206660833159793E-003 1.31182002860441571E-006 1.53730894935000846E-006
1.1 2.2 0.69981 9.80999 -1.30206660833159793E-003 1.35492996378161479E-006 1.58782905706959553E-006
1.1 2.3 0.696533 9.87108 -1.30206660833159793E-003 1.36742005452106241E-006 1.60246607118225075E-006
1.1 2.4 0.694137 9.82906 -1.30206660833159793E-003 1.36879998535732739E-006 1.60408319851512971E-006
1.1 2.5 0.690347 9.87892 -1.30206660833159793E-003 1.41278997034532949E-006 1.65563462792558955E-006
      
1.2 1.0 0.689193 8.0309 -1.30206660833159793E-003 1.79122002919029910E-006 2.09911308036569584E-006
1.2 1.1 0.70798 8.95937 -1.30206660833159793E-003 1.41454995628009783E-006 1.65769713807885201E-006
1.2 1.2 0.716998 9.38621 -1.30206660833159793E-003 1.28328997561766300E-006 1.50387486172700995E-006
1.2 1.3 0.721549 9.70576 -1.30206660833159793E-003 1.19766002626420232E-006 1.40352596888878379E-006
1.2 1.4 0.721625 9.85528 -1.30206660833159793E-003 1.17321997095132247E-006 1.37488490918864308E-006
1.2 1.5 0.721526 9.95694 -1.30206660833159793E-003 1.16709998110309243E-006 1.36771295346417969E-006
1.2 1.6 0.719457 10.0201 -1.30206660833159793E-003 1.17219997264328413E-006 1.37368958323456575E-006
1.2 1.7 0.717215 10.0271 -1.30206660833159793E-003 1.18376999580505071E-006 1.38724837923015143E-006
1.2 1.8 0.714725 10.0844 -1.30206660833159793E-003 1.19090998396131909E-006 1.39561566090869195E-006
1.2 1.9 0.71246 10.0795 -1.30206660833159793E-003 1.21598998248373391E-006 1.42500666374252670E-006
1.2 2.0 0.709374 10.1183 -1.30206660833159793E-003 1.22491996989992913E-006 1.43547162789397716E-006
1.2 2.1 0.705458 10.0906 -1.30206660833159793E-003 1.24268001400196226E-006 1.45628444835987026E-006
1.2 2.2 0.703411 10.1878 -1.30206660833159793E-003 1.24906000564806163E-006 1.46376109762612748E-006
1.2 2.3 0.700368 10.1041 -1.30206660833159793E-003 1.27303997032868210E-006 1.49186298165349178E-006
1.2 2.4 0.696858 9.76301 -1.30206660833159793E-003 1.30286002786306199E-006 1.52680881287891096E-006
1.2 2.5 0.693608 10.0035 -1.30206660833159793E-003 1.33987998651718954E-006 1.57019213719368190E-006
      
1.3 1.0 0.699547 8.42831 -1.30206660833159793E-003 1.59085004725056933E-006 1.86430147534336263E-006
1.3 1.1 0.712815 9.20966 -1.30206660833159793E-003 1.32727996060566511E-006 1.55542629113746979E-006
1.3 1.2 0.721189 9.68 -1.30206660833159793E-003 1.20208005682798102E-006 1.40870575909927966E-006
1.3 1.3 0.724339 9.96571 -1.30206660833159793E-003 1.14996998945571249E-006 1.34763848525391462E-006
1.3 1.4 0.723604 10.0281 -1.30206660833159793E-003 1.13181999950029422E-006 1.32636869108957262E-006
1.3 1.5 0.722215 10.0757 -1.30206660833159793E-003 1.14700003450707300E-006 1.34415802435062523E-006
1.3 1.6 0.721284 10.1345 -1.30206660833159793E-003 1.13323994810343720E-006 1.32803271484864815E-006
1.3 1.7 0.718318 10.1979 -1.30206660833159793E-003 1.15166994874016382E-006 1.34963065076788214E-006
1.3 1.8 0.715399 10.2338 -1.30206660833159793E-003 1.16566002361651044E-006 1.36602548149200600E-006
1.3 1.9 0.713197 10.2774 -1.30206660833159793E-003 1.17184004011505749E-006 1.37326778185576412E-006
1.3 2.0 0.710169 10.2338 -1.30206660833159793E-003 1.19083995286928257E-006 1.39553359216284813E-006
1.3 2.1 0.706481 10.1667 -1.30206660833159793E-003 1.21336995562160155E-006 1.42193628011148964E-006
1.3 2.2 0.703619 10.1694 -1.30206660833159793E-003 1.22723997719731415E-006 1.43819042155702362E-006
1.3 2.3 0.700665 10.2482 -1.30206660833159793E-003 1.25630003822152503E-006 1.47224562037015950E-006
1.3 2.4 0.69799 10.2257 -1.30206660833159793E-003 1.25787005345046055E-006 1.47408550572747153E-006
1.3 2.5 0.694343 10.1533 -1.30206660833159793E-003 1.29038005525217159E-006 1.51218365610128831E-006
      
1.4 1.0 0.702581 8.6396 -1.30206660833159793E-003 1.49404002058872720E-006 1.75085076020799968E-006
1.4 1.1 0.715679 9.42483 -1.30206660833159793E-003 1.28362000850756885E-006 1.50426162401464738E-006
1.4 1.2 0.721805 9.77846 -1.30206660833159793E-003 1.17654997211502632E-006 1.37878730469921759E-006
1.4 1.3 0.723387 10.0178 -1.30206660833159793E-003 1.14972999654128216E-006 1.34735723992521896E-006
1.4 1.4 0.723374 10.2021 -1.30206660833159793E-003 1.13415001123939874E-006 1.32909920885916838E-006
1.4 1.5 0.722917 10.1855 -1.30206660833159793E-003 1.12315001388196833E-006 1.31620842047991599E-006
1.4 1.6 0.720347 10.2507 -1.30206660833159793E-003 1.12807003915804671E-006 1.32197414956090134E-006
1.4 1.7 0.717951 10.2276 -1.30206660833159793E-003 1.13729004169726977E-006 1.33277897957379309E-006
1.4 1.8 0.715668 10.3646 -1.30206660833159793E-003 1.13739997686934657E-006 1.33290781151734998E-006
1.4 1.9 0.712964 10.2345 -1.30206660833159793E-003 1.14388001293264097E-006 1.34050170184909870E-006
1.4 2.0 0.710151 10.3051 -1.30206660833159793E-003 1.16338003408600343E-006 1.36335358425515567E-006
1.4 2.1 0.706055 10.2924 -1.30206660833159793E-003 1.19468995762872510E-006 1.40004537475701049E-006
1.4 2.2 0.702083 10.3263 -1.30206660833159793E-003 1.22469998586893780E-006 1.43521383077837989E-006
1.4 2.3 0.699325 10.2736 -1.30206660833159793E-003 1.23851998523605289E-006 1.45140935169116822E-006
1.4 2.4 0.697188 10.2672 -1.30206660833159793E-003 1.25274004858511034E-006 1.46807370363743822E-006
1.4 2.5 0.693369 10.1821 -1.30206660833159793E-003 1.29401996673550457E-006 1.51644923245791900E-006
      
1.5 1.0 0.704164 8.72714 -1.30206660833159793E-003 1.48555000123451464E-006 1.74090139028774418E-006
1.5 1.1 0.715077 9.52069 -1.30206660833159793E-003 1.28438000501773786E-006 1.50515225642693111E-006
1.5 1.2 0.721676 9.85665 -1.30206660833159793E-003 1.17364004381670384E-006 1.37537718843522293E-006
1.5 1.3 0.723437 10.0768 -1.30206660833159793E-003 1.12766997517610434E-006 1.32150531852741967E-006
1.5 1.4 0.722577 10.195 -1.30206660833159793E-003 1.12282998543378199E-006 1.31583338229882744E-006
1.5 1.5 0.721937 10.2663 -1.30206660833159793E-003 1.11898998511605896E-006 1.31133332381121395E-006
1.5 1.6 0.71916 10.2919 -1.30206660833159793E-003 1.12441000510443700E-006 1.31768499176268898E-006
1.5 1.7 0.716645 10.2829 -1.30206660833159793E-003 1.13825001335499110E-006 1.33390396088857548E-006
1.5 1.8 0.714467 10.386 -1.30206660833159793E-003 1.13546002467046492E-006 1.33063440067468681E-006
1.5 1.9 0.711349 10.3314 -1.30206660833159793E-003 1.14988995392195648E-006 1.34754469240152171E-006
1.5 2.0 0.708493 10.3028 -1.30206660833159793E-003 1.15685998025583103E-006 1.35571279749721061E-006
1.5 2.1 0.704452 10.2986 -1.30206660833159793E-003 1.19058995551313274E-006 1.39524062272760339E-006
1.5 2.2 0.701659 10.2382 -1.30206660833159793E-003 1.18661000669817440E-006 1.39057655997678576E-006
1.5 2.3 0.699479 10.1528 -1.30206660833159793E-003 1.20289996630162932E-006 1.40966660292237420E-006
1.5 2.4 0.695376 10.2504 -1.30206660833159793E-003 1.24314999538910342E-006 1.45683521491071227E-006
1.5 2.5 0.689107 9.86306 -1.30206660833159793E-003 1.32767002014588797E-006 1.55588339806440237E-006
      
1.6 1.0 0.703574 8.81357 -1.30206660833159793E-003 1.46522995692066615E-006 1.71708853083010875E-006
1.6 1.1 0.713656 9.56207 -1.30206660833159793E-003 1.28727003811945906E-006 1.50853905770631065E-006
1.6 1.2 0.720762 9.94719 -1.30206660833159793E-003 1.16519004222936928E-006 1.36547471494116378E-006
1.6 1.3 0.721903 10.1632 -1.30206660833159793E-003 1.14149997898493893E-006 1.33771256354675708E-006
1.6 1.4 0.721632 10.1868 -1.30206660833159793E-003 1.13728003725555027E-006 1.33276725546724400E-006
1.6 1.5 0.719438 10.2792 -1.30206660833159793E-003 1.12853001610346837E-006 1.32251319200519447E-006
1.6 1.6 0.718756 10.3258 -1.30206660833159793E-003 1.10917994788906071E-006 1.29983703796889073E-006
1.6 1.7 0.716145 10.339 -1.30206660833159793E-003 1.12305997390649281E-006 1.31610290352097379E-006
1.6 1.8 0.712837 10.3293 -1.30206660833159793E-003 1.13487999442440923E-006 1.32995466895180421E-006
1.6 1.9 0.709233 10.3681 -1.30206660833159793E-003 1.15759996788256103E-006 1.35657998169639573E-006
1.6 2.0 0.706067 10.2424 -1.30206660833159793E-003 1.15638999886868987E-006 1.35516203094636839E-006
1.6 2.1 0.703939 10.3194 -1.30206660833159793E-003 1.17802005661360454E-006 1.38051008221952224E-006
1.6 2.2 0.70146 10.2468 -1.30206660833159793E-003 1.17544004751835018E-006 1.37748659501468175E-006
1.6 2.3 0.697409 10.0889 -1.30206660833159793E-003 1.21311995826545171E-006 1.42164331067624491E-006
1.6 2.4 0.691347 10.0982 -1.30206660833159793E-003 1.29969998852175195E-006 1.52310559395118765E-006
1.6 2.5 0.688664 9.93297 -1.30206660833159793E-003 1.30780995277746115E-006 1.53260958105105986E-006
      
1.7 1.0 0.701956 8.86071 -1.30206660833159793E-003 1.48001004163234029E-006 1.73440916628616317E-006
1.7 1.1 0.712386 9.59012 -1.30206660833159793E-003 1.30324997371644713E-006 1.52726578657735963E-006
1.7 1.2 0.718626 9.95748 -1.30206660833159793E-003 1.17769002372369869E-006 1.38012331993188460E-006
1.7 1.3 0.719612 10.1569 -1.30206660833159793E-003 1.15877003281639190E-006 1.35795116924871001E-006
1.7 1.4 0.720352 10.2385 -1.30206660833159793E-003 1.13176997729169670E-006 1.32631007055682698E-006
1.7 1.5 0.718624 10.2525 -1.30206660833159793E-003 1.12150996756099630E-006 1.31428646637675972E-006
1.7 1.6 0.715938 10.3369 -1.30206660833159793E-003 1.12790996809053468E-006 1.32178656385611532E-006
1.7 1.7 0.714306 10.3162 -1.30206660833159793E-003 1.12903001081576804E-006 1.32309913087568395E-006
1.7 1.8 0.712535 10.375 -1.30206660833159793E-003 1.12724001155584119E-006 1.32100144840277422E-006
1.7 1.9 0.70826 10.3333 -1.30206660833159793E-003 1.15007003387290752E-006 1.34775572631940591E-006
1.7 2.0 0.705597 10.3049 -1.30206660833159793E-003 1.14694000785675598E-006 1.34408767971133029E-006
1.7 2.1 0.702281 10.3639 -1.30206660833159793E-003 1.17792001219640952E-006 1.38039284115403095E-006
1.7 2.2 0.699287 10.2869 -1.30206660833159793E-003 1.19489004646311514E-006 1.40027985688799329E-006
1.7 2.3 0.69621 10.3214 -1.30206660833159793E-003 1.21573998512758408E-006 1.42471369430728196E-006
1.7 2.4 0.692273 9.97018 -1.30206660833159793E-003 1.24950997815176379E-006 1.46428841596387110E-006
1.7 2.5 0.688656 9.84505 -1.30206660833159793E-003 1.28049998693313682E-006 1.50060530151312085E-006
      
1.8 1.0 0.701042 8.86069 -1.30206660833159793E-003 1.46974002745992038E-006 1.72237383799954682E-006
1.8 1.1 0.710711 9.64266 -1.30206660833159793E-003 1.30069997794635128E-006 1.52427747169216682E-006
1.8 1.2 0.716845 9.98697 -1.30206660833159793E-003 1.18947002647473710E-006 1.39392818893651825E-006
1.8 1.3 0.718384 10.1028 -1.30206660833159793E-003 1.14341003154549981E-006 1.33995093529825648E-006
1.8 1.4 0.719187 10.2385 -1.30206660833159793E-003 1.12291002096753800E-006 1.31592717515122056E-006
1.8 1.5 0.717201 10.2601 -1.30206660833159793E-003 1.11033000393945258E-006 1.30118477730810662E-006
1.8 1.6 0.715205 10.3445 -1.30206660833159793E-003 1.10404005226882873E-006 1.29381364500079140E-006
1.8 1.7 0.712536 10.3307 -1.30206660833159793E-003 1.11680003556102747E-006 1.30876694353330604E-006
1.8 1.8 0.709051 10.3806 -1.30206660833159793E-003 1.13816997782123508E-006 1.33381016803618258E-006
1.8 1.9 0.706995 10.3444 -1.30206660833159793E-003 1.13896999209828209E-006 1.33474769687466244E-006
1.8 2.0 0.704044 10.2889 -1.30206660833159793E-003 1.16011995032749837E-006 1.35953312426194150E-006
1.8 2.1 0.702079 10.2993 -1.30206660833159793E-003 1.15432999336917419E-006 1.35274793082511575E-006
1.8 2.2 0.699542 10.3035 -1.30206660833159793E-003 1.17329000204335898E-006 1.37496697793448690E-006
1.8 2.3 0.692379 9.89405 -1.30206660833159793E-003 1.23397001061675837E-006 1.44607728132401707E-006
1.8 2.4 0.688434 9.81651 -1.30206660833159793E-003 1.26869997529865941E-006 1.48677698429538881E-006
1.8 2.5 0.688005 9.9236 -1.30206660833159793E-003 1.26148995605035452E-006 1.47832763387100405E-006
      
1.9 1.0 0.698954 8.87714 -1.30206660833159793E-003 1.47260004723648308E-006 1.72572546695927953E-006
1.9 1.1 0.709108 9.60847 -1.30206660833159793E-003 1.29641000512492610E-006 1.51925009486680950E-006
1.9 1.2 0.714791 9.94792 -1.30206660833159793E-003 1.19733999781601597E-006 1.40315093070769502E-006
1.9 1.3 0.717412 10.1764 -1.30206660833159793E-003 1.14688998564815847E-006 1.34402905917858464E-006
1.9 1.4 0.717024 10.2243 -1.30206660833159793E-003 1.11907002064981498E-006 1.31142711666360707E-006
1.9 1.5 0.717299 10.2712 -1.30206660833159793E-003 1.10321002466662321E-006 1.29284094384266428E-006
1.9 1.6 0.71499 10.2622 -1.30206660833159793E-003 1.10106998363335151E-006 1.29033305086901852E-006
1.9 1.7 0.711846 10.2712 -1.30206660833159793E-003 1.12026998522196664E-006 1.31283334330708511E-006
1.9 1.8 0.708017 10.3056 -1.30206660833159793E-003 1.14423005470598582E-006 1.34091191234983473E-006
1.9 1.9 0.70542 10.2903 -1.30206660833159793E-003 1.14083002245024545E-006 1.33692744809341598E-006
1.9 2.0 0.702463 10.216 -1.30206660833159793E-003 1.14058002509409562E-006 1.33663447865817125E-006
1.9 2.1 0.700656 10.1958 -1.30206660833159793E-003 1.14542001483641798E-006 1.34230641488676368E-006
1.9 2.2 0.694716 9.84793 -1.30206660833159793E-003 1.21899995519925142E-006 1.42853402107201265E-006
1.9 2.3 0.692029 9.83712 -1.30206660833159793E-003 1.21714003853412578E-006 1.42635440308174259E-006
1.9 2.4 0.689188 9.86739 -1.30206660833159793E-003 1.22610003927547950E-006 1.43685453955284031E-006
1.9 2.5 0.687286 9.83568 -1.30206660833159793E-003 1.24152995795157040E-006 1.45493670902065437E-006
      
2.0 1.0 0.698342 8.94392 -1.30206660833159793E-003 1.48450999404303730E-006 1.73968261612056867E-006
2.0 1.1 0.708247 9.62046 -1.30206660833159793E-003 1.30327998704160564E-006 1.52730095889700710E-006
2.0 1.2 0.712734 9.98542 -1.30206660833159793E-003 1.20873005471366923E-006 1.41649882601388000E-006
2.0 1.3 0.715951 10.1535 -1.30206660833159793E-003 1.14774002213380300E-006 1.34502520854981015E-006
2.0 1.4 0.715429 10.1819 -1.30206660833159793E-003 1.12267002805310767E-006 1.31564592982252469E-006
2.0 1.5 0.715624 10.2497 -1.30206660833159793E-003 1.10637995476281503E-006 1.29655575364845275E-006
2.0 1.6 0.712839 10.2829 -1.30206660833159793E-003 1.09656002678093500E-006 1.28504787692806394E-006
2.0 1.7 0.710026 10.2958 -1.30206660833159793E-003 1.11786005163594382E-006 1.31000916591357994E-006
2.0 1.8 0.707459 10.2688 -1.30206660833159793E-003 1.12857003387034638E-006 1.32256008843139082E-006
2.0 1.9 0.704691 10.2944 -1.30206660833159793E-003 1.14226997993682744E-006 1.33861492006558968E-006
2.0 2.0 0.702179 10.2049 -1.30206660833159793E-003 1.14176998522452777E-006 1.33802898119510020E-006
2.0 2.1 0.700366 10.241 -1.30206660833159793E-003 1.15609998374566203E-006 1.35482216508492731E-006
2.0 2.2 0.692881 9.85071 -1.30206660833159793E-003 1.20861000141303521E-006 1.41635813673529032E-006
2.0 2.3 0.691314 9.83784 -1.30206660833159793E-003 1.20303002404398285E-006 1.40981901630751297E-006
2.0 2.4 0.687875 9.76937 -1.30206660833159793E-003 1.23075994906685082E-006 1.44231544186354855E-006
2.0 2.5 0.688249 9.68721 -1.30206660833159793E-003 1.20795004932006123E-006 1.41558474538849831E-006
      
2.1 1.0 0.695223 8.90229 -1.30206660833159793E-003 1.52052996327256551E-006 1.78189406269436065E-006
2.1 1.1 0.706017 9.61905 -1.30206660833159793E-003 1.31871001940453425E-006 1.54538326159330445E-006
2.1 1.2 0.711963 9.94306 -1.30206660833159793E-003 1.20215997867489932E-006 1.40879941872318908E-006
2.1 1.3 0.714635 10.0882 -1.30206660833159793E-003 1.14316003418934997E-006 1.33965796586301174E-006
2.1 1.4 0.714969 10.184 -1.30206660833159793E-003 1.11443000605504494E-006 1.30598952933751393E-006
2.1 1.5 0.714069 10.2221 -1.30206660833159793E-003 1.09589996100112330E-006 1.28427435235278823E-006
2.1 1.6 0.712944 10.2843 -1.30206660833159793E-003 1.09664995306957280E-006 1.28515326065852244E-006
2.1 1.7 0.709239 10.2701 -1.30206660833159793E-003 1.10192002011899604E-006 1.29132920024024382E-006
2.1 1.8 0.706935 10.2236 -1.30206660833159793E-003 1.09983000129432185E-006 1.28887992779934371E-006
2.1 1.9 0.703941 10.2882 -1.30206660833159793E-003 1.11909002953325398E-006 1.31145056487670524E-006
2.1 2.0 0.70309 10.1653 -1.30206660833159793E-003 1.12860004719550489E-006 1.32259526075103829E-006
2.1 2.1 0.695457 9.87604 -1.30206660833159793E-003 1.18141997518250719E-006 1.38449441324745729E-006
2.1 2.2 0.693367 9.83928 -1.30206660833159793E-003 1.18571995244565187E-006 1.38953351417936369E-006
2.1 2.3 0.691236 9.78883 -1.30206660833159793E-003 1.19310004720318830E-006 1.39818217441508356E-006
2.1 2.4 0.689355 9.74327 -1.30206660833159793E-003 1.20668005365587305E-006 1.41409644999917624E-006
2.1 2.5 0.686582 9.74982 -1.30206660833159793E-003 1.23470999824348837E-006 1.44694446552320199E-006
      
2.2 1.0 0.694792 8.93333 -1.30206660833159793E-003 1.49451000197586836E-006 1.75140152675884189E-006
2.2 1.1 0.704556 9.61905 -1.30206660833159793E-003 1.29839997953240527E-006 1.52158212624221832E-006
2.2 1.2 0.711098 9.98681 -1.30206660833159793E-003 1.18097000267880503E-006 1.38396709490971367E-006
2.2 1.3 0.713745 10.0715 -1.30206660833159793E-003 1.13446003524586558E-006 1.32946252293370785E-006
2.2 1.4 0.712823 10.2013 -1.30206660833159793E-003 1.12720999823068269E-006 1.32096627608312675E-006
2.2 1.5 0.713534 10.2456 -1.30206660833159793E-003 1.08929998532403260E-006 1.27653990597093374E-006
2.2 1.6 0.711006 10.229 -1.30206660833159793E-003 1.08674998955393676E-006 1.27355159108574051E-006
2.2 1.7 0.707742 10.2194 -1.30206660833159793E-003 1.10549001419713022E-006 1.29551284107951439E-006
2.2 1.8 0.706123 10.2361 -1.30206660833159793E-003 1.10134999431465985E-006 1.29066119262391052E-006
2.2 1.9 0.704113 10.1424 -1.30206660833159793E-003 1.10083999516064068E-006 1.29006352964687196E-006
2.2 2.0 0.702272 10.2264 -1.30206660833159793E-003 1.10287999177671736E-006 1.29245418155502642E-006
2.2 2.1 0.694965 9.91423 -1.30206660833159793E-003 1.16967999019834679E-006 1.37073644066901998E-006
2.2 2.2 0.69213 9.83495 -1.30206660833159793E-003 1.17997001325420570E-006 1.38279521716873450E-006
2.2 2.3 0.690795 9.67279 -1.30206660833159793E-003 1.17985996439529117E-006 1.38266625199669413E-006
2.2 2.4 0.68883 9.66054 -1.30206660833159793E-003 1.18244997793226503E-006 1.38570146330808371E-006
2.2 2.5 0.685863 9.72624 -1.30206660833159793E-003 1.21216999104944989E-006 1.42053005346801160E-006
      
2.3 1.0 0.69276 8.87337 -1.30206660833159793E-003 1.49541995142499218E-006 1.75246788754087864E-006
2.3 1.1 0.703428 9.5973 -1.30206660833159793E-003 1.31449996843002737E-006 1.54044954439185676E-006
2.3 1.2 0.710102 9.93819 -1.30206660833159793E-003 1.18856996778049506E-006 1.39287341903254710E-006
2.3 1.3 0.712522 10.0934 -1.30206660833159793E-003 1.13169005544477841E-006 1.32621641093291735E-006
2.3 1.4 0.713584 10.148 -1.30206660833159793E-003 1.08629001260851510E-006 1.27301254864144759E-006
2.3 1.5 0.713009 10.2463 -1.30206660833159793E-003 1.06190998394595226E-006 1.24444183358060162E-006
2.3 1.6 0.709082 10.2083 -1.30206660833159793E-003 1.09744996734661981E-006 1.28609078949700251E-006
2.3 1.7 0.706828 10.2375 -1.30206660833159793E-003 1.08475001070473809E-006 1.27120783560378260E-006
2.3 1.8 0.70668 10.2097 -1.30206660833159793E-003 1.08329004433471709E-006 1.26949691541851052E-006
2.3 1.9 0.704557 10.0882 -1.30206660833159793E-003 1.08077995264466153E-006 1.26655536373103056E-006
2.3 2.0 0.69788 9.78 -1.30206660833159793E-003 1.13083001451741438E-006 1.32520853745514276E-006
2.3 2.1 0.695099 9.78214 -1.30206660833159793E-003 1.14573003884288482E-006 1.34266972896130316E-006
2.3 2.2 0.692386 9.75423 -1.30206660833159793E-003 1.14403997031331528E-006 1.34068915432540123E-006
2.3 2.3 0.691304 9.65309 -1.30206660833159793E-003 1.13971998416673159E-006 1.33562660518039665E-006
2.3 2.4 0.689198 9.71055 -1.30206660833159793E-003 1.18278001082217088E-006 1.38608822559572157E-006
2.3 2.5 0.688453 9.56582 -1.30206660833159793E-003 1.14515000859682914E-006 1.34198999723842056E-006
      
2.4 1.0 0.690226 8.87407 -1.30206660833159793E-003 1.51659003222448518E-006 1.77727689636973958E-006
2.4 1.1 0.70235 9.59091 -1.30206660833159793E-003 1.31136005165899405E-006 1.53676990690571554E-006
2.4 1.2 0.710046 9.87153 -1.30206660833159793E-003 1.18267996640497586E-006 1.38597098453023028E-006
2.4 1.3 0.710773 10.0277 -1.30206660833159793E-003 1.13252997380186571E-006 1.32720070296911028E-006
2.4 1.4 0.713155 10.146 -1.30206660833159793E-003 1.07160997231403599E-006 1.25580915425088446E-006
2.4 1.5 0.711056 10.2158 -1.30206660833159793E-003 1.09046004581614397E-006 1.27789936941669872E-006
2.4 1.6 0.70917 10.1979 -1.30206660833159793E-003 1.07580001440510387E-006 1.26071942323923376E-006
2.4 1.7 0.707426 10.1958 -1.30206660833159793E-003 1.06926995613321196E-006 1.25306691237473961E-006
2.4 1.8 0.705997 10.2125 -1.30206660833159793E-003 1.07857999864791054E-006 1.26397725934657335E-006
2.4 1.9 0.704504 10.1382 -1.30206660833159793E-003 1.06872005289915251E-006 1.25242248619998798E-006
2.4 2.0 0.695263 9.79099 -1.30206660833159793E-003 1.13113003408216173E-006 1.32556012742313314E-006
2.4 2.1 0.696268 9.77714 -1.30206660833159793E-003 1.10123994545574533E-006 1.29053222745187014E-006
2.4 2.2 0.694486 9.66198 -1.30206660833159793E-003 1.11391000245930627E-006 1.30538014225392607E-006
2.4 2.3 0.691467 9.69297 -1.30206660833159793E-003 1.12713996713864617E-006 1.32088420733728272E-006
2.4 2.4 0.688835 9.63636 -1.30206660833159793E-003 1.13450005301274359E-006 1.32950941935990441E-006
2.4 2.5 0.687669 9.63491 -1.30206660833159793E-003 1.12931002149707638E-006 1.32342727263057594E-006
      
2.5 1.0 0.690775 8.8903 -1.30206660833159793E-003 1.50553000821673777E-006 1.76431576335119245E-006
2.5 1.1 0.702833 9.59375 -1.30206660833159793E-003 1.27402995531156193E-006 1.49302313528792143E-006
2.5 1.2 0.707731 9.88681 -1.30206660833159793E-003 1.17997001325420570E-006 1.38279521716873450E-006
2.5 1.3 0.710651 10.0609 -1.30206660833159793E-003 1.11839995042828377E-006 1.31064186798178227E-006
2.5 1.4 0.713977 10.1197 -1.30206660833159793E-003 1.05462004285072908E-006 1.23589882353230744E-006
2.5 1.5 0.711884 10.1313 -1.30206660833159793E-003 1.06115999187750276E-006 1.24356292527486740E-006
2.5 1.6 0.709225 10.1465 -1.30206660833159793E-003 1.06461004634184064E-006 1.24760601006403158E-006
2.5 1.7 0.709152 10.15 -1.30206660833159793E-003 1.04130003819591366E-006 1.22028924149000859E-006
2.5 1.8 0.706251 10.1208 -1.30206660833159793E-003 1.04373998510709498E-006 1.22314859120316124E-006
2.5 1.9 0.704255 10.1521 -1.30206660833159793E-003 1.04578998616489116E-006 1.22555096721786500E-006
2.5 2.0 0.696899 9.76714 -1.30206660833159793E-003 1.09526001779158833E-006 1.28352440921909460E-006
2.5 2.1 0.694161 9.75784 -1.30206660833159793E-003 1.09771997358620865E-006 1.28640720714534542E-006
2.5 2.2 0.692379 9.54883 -1.30206660833159793E-003 1.10773999040247872E-006 1.29814956599671703E-006
2.5 2.3 0.690649 9.6022 -1.30206660833159793E-003 1.13077999230881687E-006 1.32514991692239711E-006
2.5 2.4 0.687044 9.72991 -1.30206660833159793E-003 1.13753003461170010E-006 1.33306022490248874E-006
2.5 2.5 0.686196 9.50752 -1.30206660833159793E-003 1.13435999082867056E-006 1.32934528186821656E-006
      
